4
13
16
22
28
29
54
79
101
105
112
125
127
128
143
146
147
169
179
215
225
234
238
248
253
255
267
276
283
300
305
323
347
349
352
355
363
381
392
393
403
415
425
429
463
471
474
487
507
510
530
542
559
560
562
585
587
591
613
638
663
671
681
682
683
696
702
725
730
737
740
748
755
778
779
790
795
796
797
798
804
806
818
821
825
838
866
878
886
892
893
916
917
940
949
951
959
962
964
974
977
988
989
1003
1006
1027
1046
1073
1092
1111
1121
1137
1144
1148
1154
1162
1168
1175
1180
1181
1189
1191
1197
1208
1215
1220
1230
1234
1251
1265
1278
1280
1286
1288
1292
1305
1347
1348
1349
1367
1373
1392
1423
1424
1438
1446
1449
1487
1495
1498
1525
1528
1554
1556
1575
1584
1586
1590
1595
1609
1615
1616
1621
1637
1657
1660
1671
1678
1683
1712
1723
1735
1740
1747
1763
1770
1818
1820
1823
1834
1840
1846
1850
1856
1857
1859
1866
1876
1879
1895
1924
1931
1939
1941
1957
1970
1973
1985
1986
1991
2004
2048
2053
2069
2070
2071
2086
2094
2096
2104
2118
2130
2144
2156
2164
2170
2173
2186
2196
2201
2205
2228
2233
2238
2265
2275
2281
2290
2293
2295
2303
2319
2362
2371
2384
2395
2413
2414
2480
2491
2492
2523
2524
2544
2546
2564
2568
2572
2614
2616
2617
2622
2632
2672
2673
2689
2709
2725
2746
2753
2782
2790
2792
2794
2801
2817
2827
2831
2841
2846
2847
2864
2866
2903
2904
2918
2920
2925
2926
2937
2939
2943
2970
2985
3034
3036
3055
3056
3057
3060
3078
3090
3100
3110
3128
3152
3179
3186
3187
3206
3220
3246
3263
3278
3280
3288
3291
3297
3324
3325
3328
3338
3350
3352
3359
3360
3373
3378
3387
3405
3427
3457
3475
3483
3490
3525
3527
3528
3556
3557
3591
3615
3621
3643
3665
3669
3680
3685
3709
3716
3718
3731
3742
3743
3759
3763
3765
3770
3792
3806
3814
3820
3829
3855
3920
3935
3940
3954
3981
3995
4011
4027
4062
4069
4080
4090
4093
4104
4121
4132
4144
4153
4162
4169
4183
4185
4187
4190
4194
4198
4220
4222
4232
4236
4237
4243
4253
4264
4287
4305
4313
4324
4332
4333
4341
4354
4372
4373
4392
4408
4431
4433
4448
4454
4470
4490
4491
4498
4502
4518
4522
4529
4538
4548
4576
4577
4627
4640
4645
4653
4664
4668
4691
4694
4702
4711
4715
4735
4742
4776
4780
4794
4799
4809
4813
4822
4824
4852
4856
4862
4896
4903
4905
4934
4950
4952
4958
4974
4979
4995
4996
4997
5001
5008
5009
5011
5014
5020
5021
5041
5045
5058
5071
5085
5092
5110
5119
5151
5152
5175
5225
5249
5261
5269
5309
5314
5336
5362
5363
5372
5377
5394
5395
5396
5398
5406
5417
5432
5435
5450
5456
5484
5518
5535
5544
5579
5610
5614
5627
5643
5648
5671
5681
5684
5699
5719
5744
5745
5766
5775
5786
5795
5809
5817
5818
5831
5838
5851
5858
5894
5925
5946
5952
5964
5972
5973
5983
5994
6010
6020
6027
6058
6074
6079
6104
6137
6148
6152
6169
6176
6178
6223
6229
6240
6252
6269
6297
6298
6307
6317
6328
6340
6359
6365
6369
6370
6390
6405
6427
6437
6478
6505
6532
6546
6550
6570
6578
6597
6602
6612
6625
6630
6631
6634
6644
6655
6658
6668
6679
6683
6689
6698
6710
6729
6733
6740
6752
6778
6786
6788
6809
6819
6827
6842
6859
6860
6890
6904
6909
6910
6917
6927
6944
6950
6952
6959
6960
6973
6977
6978
6988
7045
7067
7103
7118
7133
7151
7193
7196
7200
7211
7212
7217
7227
7241
7252
7256
7257
7258
7259
7285
7298
7304
7325
7342
7359
7381
7389
7402
7410
7411
7423
7457
7458
7464
7470
7484
7513
7516
7518
7544
7552
7588
7591
7594
7628
7634
7645
7671
7689
7713
7716
7733
7741
7743
7752
7784
7785
7795
7805
7808
7814
7824
7830
7833
7848
7877
7882
7906
7925
7927
7928
7932
7946
7978
8011
8033
8035
8042
8058
8065
8069
8074
8081
8090
8097
8106
8107
8108
8113
8115
8128
8134
8141
8156
8170
8178
8188
8199
8209
8210
8220
8221
8257
8261
8264
8267
8296
8297
8298
8303
8316
8337
8338
8342
8408
8426
8428
8429
8430
8450
8455
8457
8477
8492
8510
8520
8522
8526
8538
8543
8556
8566
8580
8584
8586
8591
8603
8636
8658
8666
8682
8720
8727
8732
8738
8751
8758
8769
8777
8780
8785
8802
8808
8814
8816
8838
8854
8866
8867
8873
8881
8882
8898
8904
8919
8925
8927
8930
8953
8963
8967
8978
9009
9015
9026
9049
9113
9150
9176
9183
9188
9200
9218
9227
9237
9245
9248
9279
9280
9314
9333
9340
9347
9350
9386
9406
9429
9440
9441
9442
9455
9468
9472
9473
9474
9483
9484
9514
9522
9534
9538
9570
9575
9576
9591
9594
9596
9597
9607
9616
9620
9621
9663
9665
9673
9682
9683
9706
9707
9771
9807
9818
9825
9834
9837
9871
9872
9887
9908
9930
9934
9935
9941
9942
9965
9970
9985
9994
10000
10001
10008
10013
10018
10027
10037
10089
10090
10101
10104
10124
10130
10157
10179
10180
10198
10203
10205
10235
10243
10251
10287
10291
10303
10306
10307
10326
10349
10353
10362
10377
10381
10390
10392
10401
10422
10423
10438
10439
10447
10464
10465
10485
10490
10491
10498
10535
10570
10571
10582
10588
10613
10616
10620
10647
10658
10664
10682
10688
10698
10718
10722
10723
10724
10730
10740
10758
10767
10796
10810
10836
10850
10858
10859
10872
10875
10878
10881
10912
10922
10959
10977
10986
11004
11009
11032
11042
11047
11051
11052
11053
11054
11065
11080
11090
11091
11098
11114
11139
11141
11155
11158
11159
11187
11201
11232
11235
11236
11252
11262
11263
11267
11270
11275
11298
11305
11307
11333
11338
11341
11354
11364
11376
11378
11396
11412
11416
11422
11444
11447
11449
11477
11480
11519
11520
11526
11537
11568
11571
11586
11594
11609
11615
11646
11660
11667
11676
11737
11745
11746
11756
11767
11768
11771
11774
11805
11813
11814
11816
11817
11819
11820
11823
11833
11839
11847
11853
11858
11866
11888
11895
11897
11904
11907
11930
11932
11946
11959
11962
11975
11987
11991
11992
11994
11999
12001
12012
12020
12021
12033
12041
12042
12087
12105
12107
12114
12115
12120
12125
12142
12145
12150
12167
12173
12185
12198
12202
12207
12208
12236
12237
12255
12262
12274
12277
12289
12295
12305
12306
12319
12334
12338
12352
12363
12385
12390
12407
12410
12413
12425
12427
12428
12429
12453
12465
12468
12469
12487
12489
12493
12505
12507
12518
12527
12550
12555
12578
12580
12581
12584
12596
12621
12627
12630
12652
12662
12669
12682
12684
12705
12707
12715
12716
12733
12742
12751
12775
12777
12790
12818
12823
12839
12850
12879
12881
12884
12901
12902
12913
12920
12924
12930
12946
12953
12975
12983
12993
12998
13000
13012
13023
13025
13044
13047
13067
13073
13075
13080
13087
13092
13102
13116
13124
13142
13146
13150
13157
13165
13166
13191
13193
13211
13214
13218
13219
13226
13244
13289
13294
13308
13315
13317
13324
13325
13342
13349
13363
13364
13368
13373
13395
13399
13402
13404
13409
13410
13412
13413
13417
13420
13448
13451
13454
13460
13474
13485
13499
13505
13506
13521
13523
13551
13554
13578
13584
13595
13599
13609
13615
13616
13619
13637
13638
13643
13644
13646
13662
13684
13686
13689
13696
13708
13724
13726
13728
13732
13735
13743
13749
13758
13759
13764
13808
13811
13817
13822
13826
13837
13861
13863
13866
13867
13868
13882
13885
13894
13899
13900
13912
13915
13919
13922
13923
13926
13929
13945
13947
13951
13955
13966
13976
13979
14025
14040
14049
14054
14056
14060
14064
14079
14085
14088
14094
14123
14127
14131
14143
14144
14196
14206
14208
14212
14222
14224
14227
14228
14238
14242
14243
14249
14250
14253
14262
14264
14267
14279
14287
14288
14299
14303
14321
14322
14330
14333
14339
14344
14348
14355
14360
14361
14365
14370
14373
14375
14376
14388
14391
14398
14399
14400
14401
14404
14406
14408
14409
14414
14417
14421
14427
14436
14437
14438
14449
14452
14455
14461
14471
14487
14490
14491
14493
14494
14495
14501
14508
14514
14520
14521
14527
14528
14533
14536
14537
14538
14541
14545
14551
14554
14556
14558
14562
14572
14578
14579
14582
14587
14592
14595
14598
14600
14605
14612
14613
14621
14637
14638
14640
14641
14644
14649
14651
14652
14653
14655
14658
14659
14662
14665
14668
14669
14675
14676
14677
14679
14680
14687
14692
14694
14703
14712
14714
14716
14719
14721
14722
14728
14731
14737
14738
14742
14745
14747
14749
14752
14757
14762
14763
14765
14769
14770
14771
14772
14773
14774
14779
14780
14786
14788
14792
14793
14798
14802
14805
14806
14813
14814
14815
14816
14817
14820
14822
14827
14831
14835
14839
14843
14845
14846
14847
14850
14851
14852
14859
14862
14864
14865
14867
14868
14870
14873
14879
14881
14883
14884
14886
14888
14892
14893
14896
14899
14900
14907
14908
14912
14914
14917
14919
14920
14921
14923
14927
14930
14931
14932
14933
14934
14936
14938
14939
14940
14941
14942
14943
14944
14945
14946
14948
15201
19328
21070
21683
26473