4
13
16
22
28
29
54
79
101
105
112
125
127
128
143
146
147
169
179
215
225
234
238
248
253
255
267
276
283
300
305
323
347
349
352
355
363
381
392
393
403
415
425
429
463
471
474
487
507
510
530
542
559
560
562
585
587
591
613
638
663
671
681
682
683
696
702
725
730
737
740
748
755
778
779
790
795
796
797
798
804
806
818
821
825
838
866
878
886
892
893
916
917
940
949
951
959
962
964
974
977
988
989
1003
1006
1027
1046
1073
1092
1111
1121
1137
1144
1148
1154
1162
1168
1175
1180
1181
1189
1191
1197
1208
1215
1220
1230
1234
1251
1265
1278
1280
1286
1288
1292
1305
1347
1348
1349
1367
1373
1392
1423
1424
1438
1446
1449
1487
1495
1498
1525
1528
1554
1556
1575
1584
1586
1590
1595
1609
1615
1616
1621
1637
1657
1660
1671
1678
1683
1712
1723
1735
1740
1747
1763
1770
1818
1820
1823
1834
1840
1846
1850
1856
1857
1859
1866
1876
1879
1895
1924
1931
1939
1941
1957
1970
1973
1985
1986
1991
2004
2048
2053
2069
2070
2071
2086
2094
2096
2104
2118
2130
2144
2156
2164
2170
2173
2186
2196
2201
2205
2228
2233
2238
2265
2275
2281
2290
2293
2295
2303
2319
2362
2371
2384
2395
2413
2414
2480
2491
2492
2523
2524
2544
2546
2564
2568
2572
2614
2616
2617
2622
2632
2672
2673
2689
2709
2725
2746
2753
2782
2790
2792
2794
2801
2817
2827
2831
2841
2846
2847
2864
2866
2903
2904
2918
2920
2925
2926
2937
2939
2943
2970
2985
3034
3036
3055
3056
3057
3060
3078
3090
3100
3110
3128
3152
3179
3186
3187
3206
3220
3246
3263
3278
3280
3288
3291
3297
3324
3325
3328
3338
3350
3352
3359
3360
3373
3378
3387
3405
3427
3457
3475
3483
3490
3525
3527
3528
3556
3557
3591
3615
3621
3643
3665
3669
3680
3685
3709
3716
3718
3731
3742
3743
3759
3763
3765
3770
3792
3806
3814
3820
3829
3855
3920
3935
3940
3954
3981
3995
4011
4027
4062
4069
4080
4090
4093
4104
4121
4132
4144
4153
4162
4169
4183
4185
4187
4190
4194
4198
4220
4222
4232
4236
4237
4243
4253
4264
4287
4305
4313
4324
4332
4333
4341
4354
4372
4373
4392
4408
4431
4433
4448
4454
4470
4490
4491
4498
4502
4518
4522
4529
4538
4548
4576
4577
4627
4640
4645
4653
4664
4668
4691
4694
4702
4711
4715
4735
4742
4776
4780
4794
4799
4809
4813
4822
4824
4852
4856
4862
4896
4903
4905
4934
4950
4952
4958
4974
4979
4995
4996
4997
5001
5008
5009
5011
5014
5020
5021
5041
5045
5058
5071
5085
5092
5110
5119
5151
5152
5175
5225
5249
5261
5269
5309
5314
5336
5362
5363
5372
5377
5394
5395
5396
5398
5406
5417
5432
5435
5450
5456
5484
5518
5535
5544
5579
5610
5614
5627
5643
5648
5671
5681
5684
5699
5719
5744
5745
5766
5775
5786
5795
5809
5817
5818
5831
5838
5851
5858
5894
5925
5946
5952
5964
5972
5973
5983
5994
6010
6020
6027
6058
6074
6079
6104
6137
6148
6152
6169
6176
6178
6223
6229
6240
6252
6269
6297
6298
6307
6317
6328
6340
6359
6365
6369
6370
6390
6405
6427
6437
6478
6505
6532
6546
6550
6570
6578
6597
6602
6612
6625
6630
6631
6634
6644
6655
6658
6668
6679
6683
6689
6698
6710
6729
6733
6740
6752
6778
6786
6788
6809
6819
6827
6842
6859
6860
6890
6904
6909
6910
6917
6927
6944
6950
6952
6959
6960
6973
6977
6978
6988
7045
7067
7103
7118
7133
7151
7193
7196
7200
7211
7212
7217
7227
7241
7252
7256
7257
7258
7259
7285
7298
7304
7325
7342
7359
7381
7389
7402
7410
7411
7423
7457
7458
7464
7470
7484
7513
7516
7518
7544
7552
7588
7591
7594
7628
7634
7645
7671
7689
7713
7716
7733
7741
7743
7752
7784
7785
7795
7805
7808
7814
7824
7830
7833
7848
7877
7882
7906
7925
7927
7928
7932
7946
7978
8011
8033
8035
8042
8058
8065
8069
8074
8081
8090
8097
8106
8107
8108
8113
8115
8128
8134
8141
8156
8170
8178
8188
8199
8209
8210
8220
8221
8257
8261
8264
8267
8296
8297
8298
8303
8316
8337
8338
8342
8408
8426
8428
8429
8430
8450
8455
8457
8477
8492
8510
8520
8522
8526
8538
8543
8556
8566
8580
8584
8586
8591
8603
8636
8658
8666
8682
8720
8727
8732
8738
8751
8758
8769
8777
8780
8785
8802
8808
8814
8816
8838
8854
8866
8867
8873
8881
8882
8898
8904
8919
8925
8927
8930
8953
8963
8967
8978
9009
9015
9026
9049
9113
9150
9176
9183
9188
9200
9218
9227
9237
9245
9248
9279
9280
9314
9333
9340
9347
9350
9386
9406
9429
9440
9441
9442
9455
9468
9472
9473
9474
9483
9484
9514
9522
9534
9538
9570
9575
9576
9591
9594
9596
9597
9607
9616
9620
9621
9663
9665
9673
9682
9683
9706
9707
9771
9807
9818
9825
9834
9837
9871
9872
9887
9908
9930
9934
9935
9941
9942
9965
9970
9985
9994
10000
10001
10008
10013
10018
10027
10037
10089
10090
10101
10104
10124
10130
10157
10179
10180
10198
10203
10205
10235
10243
10251
10287
10291
10303
10306
10307
10326
10349
10353
10362
10377
10381
10390
10392
10401
10422
10423
10438
10439
10447
10464
10465
10485
10490
10491
10498
10535
10570
10571
10582
10588
10613
10616
10620
10647
10658
10664
10682
10688
10698
10718
10722
10723
10724
10730
10740
10758
10767
10796
10810
10836
10850
10858
10859
10872
10875
10878
10881
10912
10922
10959
10977
10986
11004
11009
11032
11042
11047
11051
11052
11053
11054
11065
11080
11090
11091
11098
11114
11139
11141
11155
11158
11159
11187
11201
11232
11235
11236
11252
11262
11263
11267
11270
11275
11298
11305
11307
11333
11338
11341
11354
11364
11376
11378
11396
11412
11416
11422
11444
11447
11449
11477
11480
11519
11520
11526
11537
11568
11571
11586
11594
11609
11615
11646
11660
11667
11676
11737
11745
11746
11756
11767
11768
11771
11774
11805
11813
11814
11816
11817
11819
11820
11823
11833
11839
11847
11853
11858
11866
11888
11895
11897
11904
11907
11930
11932
11946
11959
11962
11975
11987
11991
11992
11994
11999
12001
12012
12020
12021
12033
12041
12042
12087
12105
12107
12114
12115
12120
12125
12142
12145
12150
12167
12173
12185
12198
12202
12207
12208
12236
12237
12255
12262
12274
12277
12289
12295
12305
12306
12319
12334
12338
12352
12363
12385
12390
12407
12410
12413
12425
12427
12428
12429
12453
12465
12468
12469
12487
12489
12493
12505
12507
12518
12527
12550
12555
12578
12580
12581
12584
12596
12621
12627
12630
12652
12662
12669
12682
12684
12705
12707
12715
12716
12733
12742
12751
12775
12777
12790
12818
12823
12839
12850
12879
12881
12884
12901
12902
12913
12920
12924
12930
12946
12953
12975
12983
12993
12998
13000
13012
13023
13025
13044
13047
13067
13073
13075
13080
13087
13092
13102
13116
13124
13142
13146
13150
13157
13165
13166
13191
13193
13211
13214
13218
13219
13226
13244
13289
13294
13308
13315
13317
13324
13325
13342
13349
13363
13364
13368
13373
13395
13399
13402
13404
13409
13410
13412
13413
13417
13420
13448
13451
13454
13460
13474
13485
13499
13505
13506
13521
13523
13551
13554
13578
13584
13595
13599
13609
13615
13616
13619
13637
13638
13643
13644
13646
13662
13684
13686
13689
13696
13708
13724
13726
13728
13732
13735
13743
13749
13758
13759
13764
13808
13811
13817
13822
13826
13837
13861
13863
13866
13867
13868
13882
13885
13894
13899
13900
13912
13915
13919
13922
13923
13926
13929
13945
13947
13951
13955
13966
13976
13979
14025
14040
14049
14054
14056
14060
14064
14079
14085
14088
14094
14123
14127
14131
14143
14144
14196
14206
14208
14212
14222
14224
14227
14228
14238
14242
14243
14249
14250
14253
14262
14264
14267
14279
14287
14288
14299
14303
14321
14322
14330
14333
14339
14344
14348
14355
14360
14361
14365
14370
14373
14375
14376
14388
14391
14398
14399
14400
14401
14404
14406
14408
14409
14414
14417
14421
14427
14436
14437
14438
14449
14452
14455
14461
14471
14487
14490
14491
14493
14494
14495
14501
14508
14514
14520
14521
14527
14528
14533
14536
14537
14538
14541
14545
14551
14554
14556
14558
14562
14572
14578
14579
14582
14587
14592
14595
14598
14600
14605
14612
14613
14621
14637
14638
14640
14641
14644
14649
14651
14652
14653
14655
14658
14659
14662
14665
14668
14669
14675
14676
14677
14679
14680
14687
14692
14694
14703
14712
14714
14716
14719
14721
14722
14728
14731
14737
14738
14742
14745
14747
14749
14752
14757
14762
14763
14765
14769
14770
14771
14772
14773
14774
14779
14780
14786
14788
14792
14793
14798
14802
14805
14806
14813
14814
14815
14816
14817
14820
14822
14827
14831
14835
14839
14843
14845
14846
14847
14850
14851
14852
14859
14862
14864
14865
14867
14868
14870
14873
14879
14881
14883
14884
14886
14888
14892
14893
14896
14899
14900
14907
14908
14912
14914
14917
14919
14920
14921
14923
14927
14930
14931
14932
14933
14934
14936
14938
14939
14940
14941
14942
14943
14944
14945
14946
14948
14951
14961
14998
14999
15014
15064
15076
15086
15099
15100
15110
15115
15130
15137
15160
15168
15191
15192
15200
15204
15208
15233
15252
15259
15262
15263
15264
15271
15273
15278
15282
15285
15288
15289
15290
15292
15293
15296
15298
15299
15301
15303
15306
15307
15308
15310
15312
15316
15317
15318
15319
15320
15328
15329
15333
15335
15340
15344
15345
15346
15347
15349
15350
15353
15354
15355
15360
15361
15365
15366
15369
15375
15376
15378
15380
15390
15391
15392
15399
15402
15403
15406
15410
15417
15418
15420
15422
15424
15426
15428
15429
15431
15432
15433
15434
15437
15440
15444
15445
15452
15453
15454
15455
15459
15460
15473
15474
15479
15485
15487
15489
15491
15495
15496
15498
15502
15504
15505
15508
15509
15511
15513
15516
15519
15520
15522
15525
15527
15529
15534
15535
15538
15540
15544
15545
15546
15547
15550
15556
15557
15558
15561
15564
15565
15566
15567
15570
15571
15573
15574
15575
15576
15577
15579
15580
15581
15584
15585
15587
15588
15589
15590
15593
15595
15596
15597
15600
15601
15603
15606
15607
15610
15612
15613
15617
15619
15620
15633
15635
15644
15648
15651
15653
15654
15658
15659
15660
15665
15666
15670
15672
15676
15678
15679
15680
15682
15683
15685
15686
15689
15690
15691
15694
15696
15697
15700
15701
15703
15705
15706
15707
15708
15709
15711
15715
15716
15717
15720
15721
15723
15727
15730
15733
15734
15735
15737
15738
15742
15743
15744
15747
15754
15755
15760
15763
15765
15766
15768
15769
15772
15774
15775
15777
15778
15779
15780
15782
15785
15790
15791
15794
15796
15797
15801
15806
15807
15810
15814
15815
15818
15819
15821
15822
15823
15826
15830
15832
15833
15835
15839
15840
15841
15843
15845
15847
15852
15853
15855
15857
15864
15865
15869
15870
15872
15874
15876
15882
15883
15887
15888
15889
15891
15897
15903
15904
15906
15908
15909
15910
15911
15913
15917
15918
15919
15921
15922
15924
15927
15928
15929
15931
15933
15934
15936
15937
15938
15939
15943
15947
15948
15949
15950
15951
15954
15958
15968
15970
15971
15974
15975
15977
15980
15983
15984
15985
15994
15997
15998
15999
16002
16003
16006
16008
16010
16011
16013
16015
16016
16019
16020
16021
16024
16030
16032
16033
16034
16036
16037
16038
16040
16044
16045
16048
16054
16055
16058
16063
16064
16066
16067
16068
16069
16071
16077
16078
16079
16080
16083
16084
16086
16089
16091
16092
16093
16096
16098
16109
16113
16114
16118
16124
16126
16129
16130
16131
16134
16135
16138
16140
16142
16143
16144
16145
16147
16149
16150
16152
16154
16155
16157
16160
16162
16163
16164
16165
16168
16170
16171
16172
16174
16175
16176
16177
16178
16180
16182
16185
16189
16190
16191
16194
16195
16196
16201
16202
16204
16206
16209
16212
16215
16217
16219
16222
16226
16227
16230
16231
16233
16234
16235
16236
16239
16240
16241
16245
16246
16249
16253
16254
16255
16256
16259
16262
16265
16267
16269
16270
16271
16276
16277
16281
16282
16283
16284
16286
16291
16297
16300
16302
16304
16307
16309
16310
16313
16317
16318
16321
16330
16331
16333
16334
16336
16342
16344
16345
16348
16350
16352
16354
16356
16359
16360
16363
16365
16366
16368
16370
16371
16372
16375
16376
16379
16380
16388
16389
16390
16397
16398
16404
16406
16408
16409
16411
16412
16414
16417
16420
16422
16424
16427
16428
16432
16433
16436
16441
16442
16443
16445
16446
16447
16450
16451
16452
16457
16459
16463
16466
16467
16468
16469
16470
16473
16475
16476
16477
16478
16480
16481
16482
16484
16486
16487
16489
16490
16492
16494
16497
16498
16499
16500
16503
16506
16510
16512
16513
16517
16518
16519
16520
16521
16522
16526
16527
16532
16533
16535
16536
16538
16540
16544
16546
16547
16548
16550
16556
16560
16561
16562
16563
16567
16569
16573
16574
16575
16576
16577
16579
16581
16583
16584
16585
16586
16587
16588
16590
16591
16593
16595
16597
16598
16602
16603
16604
16605
16607
16608
16609
16614
16615
16616
16618
16621
16626
16628
16630
16631
16632
16633
16635
16639
16643
16644
16646
16649
16651
16659
16661
16662
16663
16664
16666
16669
16670
16671
16672
16674
16675
16676
16678
16682
16684
16685
16689
16691
16693
16694
16696
16697
16698
16699
16703
16704
16706
16707
16709
16710
16711
16714
16715
16716
16717
16720
16722
16725
16727
16728
16729
16730
16732
16735
16736
16737
16740
16744
16746
16748
16751
16753
16757
16762
16763
16765
16766
16767
16769
16771
16772
16773
16777
16779
16782
16783
16784
16785
16787
16788
16789
16790
16797
16799
16801
16802
16803
16805
16806
16807
16812
16817
16820
16822
16824
16826
16827
16828
16829
16831
16834
16837
16838
16839
16840
16841
16843
16847
16850
16851
16854
16855
16856
16858
16860
16861
16863
16864
16865
16869
16871
16875
16877
16878
16879
16880
16881
16883
16885
16887
16890
16891
16892
16893
16894
16895
16896
16897
16900
16901
16902
16905
16906
16908
16910
16911
16917
16918
16919
16920
16921
16922
16924
16925
16930
16931
16932
16935
16936
16938
16939
16940
16942
16948
16949
16950
16951
16952
16953
16954
16960
16961
16962
16963
16964
16970
16971
16972
16973
16975
16976
16977
16980
16981
16982
16985
16986
16989
16990
16992
16993
16997
16999
17002
17003
17006
17008
17009
17011
17015
17016
17019
17020
17023
17024
17026
17027
17029
17032
17034
17036
17038
17039
17042
17043
17044
17045
17047
17048
17051
17052
17054
17055
17056
17057
17061
17064
17068
17069
17070
17072
17075
17078
17085
17087
17089
17090
17091
17092
17093
17094
17097
17098
17099
17100
17102
17107
17108
17109
17111
17112
17113
17114
17115
17116
17122
17124
17125
17130
17133
17134
17135
17137
17143
17144
17145
17148
17149
17151
17153
17156
17157
17159
17162
17163
17164
17165
17166
17167
17169
17172
17174
17178
17180
17182
17183
17184
17186
17187
17192
17195
17196
17198
17199
17201
17202
17203
17208
17211
17212
17215
17217
17218
17220
17223
17225
17229
17230
17232
17235
17238
17239
17242
17243
17244
17247
17248
17251
17252
17254
17257
17258
17259
17262
17263
17265
17268
17269
17273
17275
17276
17277
17280
17283
17284
17288
17294
17296
17297
17300
17303
17309
17311
17313
17314
17318
17319
17329
17331
17336
17337
17341
17342
17344
17345
17346
17350
17351
17353
17354
17358
17361
17362
17365
17366
17369
17373
17378
17380
17384
17386
17390
17391
17392
17396
17397
17398
17399
17400
17401
17403
17406
17408
17409
17413
17414
17416
17417
17418
17420
17421
17426
17430
17434
17435
17437
17438
17439
17440
17443
17446
17448
17450
17452
17453
17454
17456
17457
17458
17459
17460
17461
17462
17463
17466
17468
17470
17471
17472
17474
17477
17478
17479
17480
17481
17483
17484
17487
17488
17490
17491
17492
17493
17497
17498
17499
17501
17502
17503
17504
17505
17507
17509
17510
17511
17512
17513
17514
17515
17519
17520
17521
17526
17527
17528
17530
17532
17535
17536
17537
17538
17540
17542
17543
17546
17551
17556
17557
17559
17560
17562
17564
17565
17566
17571
17572
17573
17575
17576
17581
17582
17584
17586
17587
17588
17589
17590
17591
17594
17595
17598
17599
17602
17605
17607
17612
17620
17621
17623
17624
17626
17627
17633
17635
17637
17639
17640
17641
17644
17646
17649
17651
17654
17658
17660
17661
17663
17664
17665
17666
17669
17671
17672
17674
17680
17683
17685
17689
17690
17691
17693
17695
17698
17699
17701
17703
17704
17705
17706
17708
17710
17711
17712
17713
17720
17721
17722
17724
17727
17729
17731
17732
17734
17736
17738
17745
17746
17750
17753
17754
17755
17756
17758
17763
17764
17766
17770
17771
17775
17776
17781
17782
17784
17785
17787
17789
17791
17792
17795
17798
17799
17800
17801
17802
17803
17805
17806
17807
17811
17815
17817
17818
17821
17823
17825
17830
17831
17835
17836
17838
17839
17843
17846
17847
17849
17850
17853
17858
17859
17861
17862
17865
17866
17867
17868
17869
17872
17873
17875
17877
17878
17882
17888
17891
17892
17893
17894
17895
17896
17897
17898
17900
17902
17905
17906
17909
17912
17913
17916
17917
17918
17922
17924
17926
17927
17929
17930
17931
17932
17936
17938
17939
17941
17942
17945
17946
17947
17948
17950
17955
17956
17958
17959
17963
17964
17967
17968
17972
17974
17975
17976
17978
17979
17980
17982
17984
17985
17986
17987
17988
17992
17995
17996
17997
18000
18001
18002
18004
18007
18009
18010
18013
18016
18018
18019
18021
18022
18024
18027
18031
18033
18038
18040
18042
18044
18045
18047
18048
18049
18051
18055
18056
18057
18058
18060
18062
18063
18070
18072
18074
18075
18077
18079
18081
18084
18085
18089
18090
18092
18093
18094
18096
18098
18099
18103
18105
18109
18111
18113
18114
18116
18117
18118
18119
18120
18122
18123
18124
18126
18131
18133
18138
18142
18143
18145
18146
18149
18153
18161
18162
18163
18167
18169
18171
18173
18174
18175
18177
18178
18179
18183
18185
18186
18189
18190
18191
18192
18196
18197
18198
18199
18200
18201
18205
18207
18209
18210
18211
18212
18213
18214
18215
18216
18221
18223
18225
18226
18227
18229
18230
18231
18233
18234
18236
18237
18240
18242
18243
18245
18246
18247
18248
18249
18250
18251
18255
18257
18258
18259
18260
18261
18262
18263
18265
18268
18269
18272
18273
18274
18275
18277
18280
18284
18289
18295
18296
18297
18300
18302
18303
18305
18307
18309
18312
18317
18321
18323
18328
18330
18331
18332
18333
18338
18340
18341
18343
18345
18349
18354
18356
18357
18364
18366
18369
18371
18374
18375
18377
18379
18381
18382
18384
18385
18386
18387
18388
18389
18390
18392
18394
18397
18399
18400
18402
18403
18406
18408
18414
18418
18419
18420
18421
18423
18424
18426
18429
18431
18432
18434
18435
18436
18438
18442
18445
18448
18449
18451
18452
18455
18456
18462
18463
18465
18466
18469
18470
18476
18477
18484
18485
18487
18488
18497
18498
18499
18500
18501
18503
18504
18506
18507
18508
18512
18518
18519
18520
18523
18525
18528
18531
18536
18538
18539
18540
18541
18543
18544
18545
18546
18548
18550
18552
18554
18556
18557
18559
18560
18561
18563
18564
18565
18566
18568
18569
18571
18572
18573
18577
18579
18580
18582
18588
18592
18595
18596
18597
18601
18602
18603
18604
18607
18609
18610
18612
18613
18616
18617
18618
18619
18621
18622
18623
18624
18626
18627
18630
18633
18634
18635
18636
18639
18640
18641
18646
18647
18648
18649
18653
18654
18655
18656
18659
18660
18661
18662
18667
18670
18673
18674
18679
18680
18686
18688
18689
18691
18694
18696
18697
18702
18703
18704
18705
18706
18707
18709
18711
18712
18713
18714
18715
18716
18719
18720
18722
18723
18725
18726
18729
18730
18732
18734
18736
18739
18740
18741
18743
18744
18747
18748
18749
18752
18754
18755
18758
18760
18763
18764
18766
18768
18769
18770
18772
18777
18779
18782
18783
18784
18785
18786
18788
18790
18791
18792
18796
18797
18798
18801
18805
18806
18807
18810
18812
18814
18816
18820
18821
18823
18824
18825
18826
18831
18832
18837
18839
18840
18841
18847
18849
18856
18857
18859
18861
18862
18864
18868
18873
18875
18877
18878
18879
18881
18885
18886
18887
18888
18890
18891
18894
18896
18898
18899
18901
18902
18905
18909
18910
18911
18912
18913
18916
18920
18924
18926
18931
18935
18939
18940
18941
18942
18943
18944
18945
18947
18950
18951
18952
18953
18954
18955
18960
18961
18962
18964
18967
18969
18971
18973
18974
18976
18978
18979
18981
18983
18985
18986
18989
18990
18992
18993
18995
18999
19001
19002
19006
19007
19008
19009
19012
19015
19017
19019
19020
19021
19023
19027
19028
19031
19032
19033
19036
19037
19038
19039
19041
19043
19046
19047
19051
19060
19062
19063
19064
19068
19071
19072
19073
19075
19080
19082
19084
19086
19087
19088
19090
19091
19092
19093
19094
19096
19099
19100
19101
19103
19105
19106
19108
19110
19112
19115
19119
19121
19122
19127
19129
19130
19131
19132
19134
19135
19137
19139
19140
19141
19142
19145
19146
19148
19151
19152
19155
19157
19158
19159
19160
19161
19162
19164
19167
19168
19170
19171
19175
19178
19180
19182
19183
19184
19186
19193
19194
19195
19198
19199
19203
19204
19206
19209
19210
19212
19213
19219
19220
19222
19223
19224
19226
19227
19228
19230
19232
19234
19236
19237
19239
19240
19241
19242
19243
19244
19245
19247
19249
19250
19254
19255
19256
19258
19259
19260
19261
19264
19265
19266
19270
19271
19272
19278
19279
19282
19283
19286
19287
19290
19294
19298
19300
19301
19302
19306
19307
19308
19311
19312
19313
19321
19325
19329
19332
19334
19336
19338
19339
19344
19348
19349
19352
19353
19354
19356
19357
19358
19361
19364
19365
19370
19375
19377
19379
19381
19382
19383
19384
19385
19386
19387
19388
19390
19391
19393
19394
19400
19401
19403
19405
19410
19411
19412
19413
19414
19415
19416
19417
19418
19420
19423
19425
19426
19437
19438
19439
19440
19443
19445
19447
19448
19452
19453
19455
19456
19458
19460
19462
19465
19466
19470
19471
19476
19478
19480
19483
19484
19485
19486
19487
19488
19489
19491
19492
19493
19495
19499
19503
19504
19506
19507
19510
19512
19515
19517
19518
19521
19522
19528
19529
19530
19532
19533
19534
19539
19540
19541
19545
19548
19550
19552
19553
19555
19557
19561
19562
19563
19564
19565
19566
19567
19568
19571
19572
19574
19579
19580
19582
19583
19586
19587
19589
19590
19592
19601
19603
19607
19611
19614
19615
19618
19621
19625
19630
19632
19633
19635
19637
19639
19644
19647
19648
19650
19653
19656
19657
19658
19660
19664
19666
19670
19672
19674
19675
19677
19679
19682
19684
19686
19690
19691
19694
19695
19699
19702
19703
19704
19705
19706
19707
19709
19710
19712
19714
19717
19718
19721
19727
19728
19729
19730
19731
19732
19733
19735
19742
19743
19744
19747
19752
19754
19755
19757
19758
19759
19760
19761
19763
19766
19773
19775
19776
19777
19791
19792
19793
19794
19795
19796
19798
19799
19803
19805
19809
19813
19817
19819
19821
19823
19826
19833
19835
19837
19838
19839
19842
19843
19845
19846
19847
19848
19852
19853
19855
19860
19868
19870
19872
19874
19875
19876
19880
19882
19883
19886
19889
19890
19891
19892
19894
19897
19902
19906
19908
19910
19911
19913
19914
19916
19917
19919
19921
19923
19925
19927
19930
19931
19932
19933
19934
19935
19936
19937
19938
19939
19940
19942
19943
19944
19945
19946
19947
19948
19951
19954
19959
19961
19964
19966
19967
19969
19972
19973
19978
19979
19982
19985
19988
19989
19992
19993
19994
19997
19998
20000
20003
20004
20006
20007
20008
20009
20016
20018
20022
20025
20027
20028
20029
20032
20034
20036
20037
20038
20039
20045
20049
20050
20052
20053
20054
20055
20056
20057
20058
20060
20061
20062
20063
20066
20071
20076
20083
20085
20086
20088
20091
20092
20096
20098
20101
20102
20103
20106
20107
20114
20115
20116
20118
20120
20121
20124
20129
20130
20136
20138
20139
20140
20142
20144
20147
20149
20150
20153
20154
20156
20158
20159
20161
20163
20165
20166
20168
20173
20177
20179
20182
20185
20186
20187
20188
20189
20193
20194
20197
20201
20202
20204
20206
20209
20211
20214
20217
20218
20222
20238
20241
20244
20246
20247
20248
20251
20252
20253
20254
20256
20257
20258
20259
20262
20263
20265
20268
20272
20275
20281
20282
20283
20285
20287
20288
20290
20295
20299
20304
20305
20307
20308
20313
20314
20317
20318
20321
20322
20323
20325
20329
20332
20333
20335
20338
20343
20344
20346
20347
20350
20351
20355
20359
20362
20366
20368
20374
20377
20379
20381
20384
20394
20396
20398
20399
20402
20403
20404
20405
20406
20411
20413
20415
20416
20421
20425
20426
20428
20429
20430
20433
20435
20439
20440
20442
20443
20444
20446
20451
20454
20455
20456
20457
20460
20461
20462
20463
20464
20465
20468
20470
20471
20476
20483
20484
20487
20488
20489
20491
20492
20493
20496
20498
20499
20501
20504
20508
20513
20515
20517
20519
20523
20524
20528
20529
20530
20533
20535
20536
20539
20540
20542
20544
20546
20547
20549
20554
20562
20565
20569
20570
20573
20574
20576
20578
20581
20584
20585
20588
20591
20592
20593
20596
20599
20600
20603
20604
20605
20606
20611
20613
20615
20617
20620
20621
20623
20625
20628
20631
20632
20633
20634
20637
20638
20639
20642
20643
20644
20646
20650
20653
20655
20656
20657
20660
20662
20670
20674
20681
20685
20689
20691
20692
20693
20695
20698
20700
20702
20704
20708
20710
20711
20713
20714
20717
20719
20720
20721
20727
20729
20730
20732
20734
20735
20736
20737
20738
20740
20741
20748
20750
20751
20752
20754
20755
20757
20761
20766
20769
20770
20775
20778
20779
20782
20785
20786
20788
20790
20793
20794
20796
20797
20798
20799
20801
20803
20806
20812
20813
20815
20816
20818
20821
20835
20836
20838
20840
20842
20846
20847
20848
20850
20851
20854
20856
20857
20860
20862
20864
20866
20868
20871
20873
20874
20878
20879
20880
20883
20884
20885
20886
20891
20893
20896
20897
20898
20901
20902
20906
20907
20911
20913
20915
20917
20919
20921
20925
20931
20932
20933
20935
20937
20940
20941
20943
20946
20948
20950
20952
20953
20954
20955
20960
20965
20966
20967
20970
20971
20973
20976
20977
20978
20982
20983
20984
20986
20988
20989
20993
20996
20997
20998
20999
21000
21002
21005
21007
21008
21009
21013
21016
21019
21020
21021
21023
21029
21030
21031
21033
21034
21037
21038
21040
21041
21045
21048
21051
21053
21056
21058
21060
21061
21068
21069
21071
21074
21076
21077
21079
21080
21082
21083
21085
21086
21087
21089
21091
21095
21096
21097
21105
21109
21114
21116
21124
21125
21128
21129
21131
21132
21133
21136
21137
21139
21141
21142
21143
21146
21147
21149
21153
21154
21157
21158
21165
21166
21167
21169
21170
21171
21172
21173
21177
21178
21179
21181
21182
21185
21187
21188
21190
21192
21193
21194
21195
21196
21199
21203
21207
21208
21211
21214
21216
21217
21218
21219
21222
21223
21225
21227
21228
21232
21235
21239
21241
21244
21246
21249
21255
21257
21258
21262
21264
21265
21271
21274
21277
21279
21287
21290
21292
21293
21294
21297
21298
21299
21300
21301
21302
21303
21305
21306
21308
21309
21311
21312
21314
21316
21317
21319
21321
21322
21323
21324
21330
21331
21332
21333
21334
21335
21337
21341
21345
21348
21349
21350
21351
21356
21357
21359
21361
21362
21363
21364
21365
21368
21371
21373
21374
21375
21377
21378
21379
21380
21381
21382
21383
21384
21387
21388
21391
21392
21402
21404
21405
21408
21409
21410
21411
21413
21414
21415
21416
21417
21420
21423
21424
21426
21428
21429
21432
21438
21440
21441
21442
21448
21449
21451
21452
21455
21457
21460
21461
21464
21469
21471
21472
21475
21480
21483
21484
21485
21487
21488
21489
21490
21492
21493
21496
21497
21498
21501
21502
21504
21507
21508
21509
21511
21515
21516
21517
21520
21523
21524
21525
21526
21530
21532
21533
21534
21535
21536
21537
21539
21540
21541
21545
21546
21547
21551
21553
21555
21557
21558
21560
21565
21566
21567
21573
21574
21578
21579
21580
21584
21588
21590
21591
21593
21594
21595
21598
21600
21602
21603
21604
21607
21611
21613
21618
21623
21624
21625
21630
21631
21633
21634
21636
21638
21639
21640
21641
21643
21646
21648
21650
21653
21656
21657
21658
21660
21661
21664
21667
21668
21673
21674
21676
21678
21683
21684
21690
21698
21699
21700
21701
21704
21705
21707
21709
21711
21712
21714
21716
21717
21722
21723
21726
21729
21730
21732
21733
21734
21736
21737
21740
21744
21747
21749
21751
21752
21753
21757
21759
21760
21766
21767
21771
21772
21777
21778
21779
21780
21783
21785
21786
21790
21792
21793
21795
21796
21797
21799
21801
21802
21805
21806
21807
21810
21811
21812
21813
21814
21817
21820
21823
21824
21825
21826
21827
21828
21830
21831
21832
21839
21840
21841
21844
21845
21848
21851
21852
21853
21856
21857
21862
21863
21866
21867
21870
21871
21872
21874
21875
21876
21881
21883
21885
21887
21891
21893
21894
21897
21898
21900
21901
21905
21907
21909
21910
21911
21915
21916
21917
21919
21923
21924
21925
21927
21930
21932
21934
21936
21937
21938
21940
21941
21942
21945
21947
21949
21953
21955
21957
21965
21966
21967
21968
21970
21971
21973
21976
21978
21979
21981
21984
21985
21991
21992
21994
22000
22002
22003
22007
22013
22018
22022
22025
22029
22033
22034
22036
22038
22040
22042
22045
22046
22047
22048
22051
22053
22054
22055
22057
22058
22059
22060
22061
22063
22065
22067
22068
22071
22076
22077
22078
22079
22080
22082
22083
22086
22087
22092
22095
22096
22097
22098
22102
22103
22104
22106
22107
22108
22115
22119
22123
22128
22129
22130
22131
22134
22138
22140
22141
22143
22146
22147
22148
22152
22154
22156
22157
22162
22163
22165
22167
22168
22169
22171
22172
22175
22176
22182
22183
22185
22187
22189
22191
22192
22193
22202
22204
22205
22206
22207
22208
22210
22211
22212
22215
22216
22219
22220
22221
22222
22225
22227
22228
22229
22235
22236
22238
22239
22241
22242
22247
22249
22255
22256
22257
22258
22260
22261
22262
22264
22268
22270
22271
22272
22273
22274
22278
22282
22284
22285
22289
22291
22292
22295
22298
22299
22305
22310
22311
22314
22315
22316
22318
22319
22320
22323
22324
22325
22326
22327
22331
22338
22341
22343
22345
22350
22352
22353
22356
22359
22363
22367
22372
22375
22378
22387
22396
22401
22404
22405
22407
22410
22413
22417
22419
22421
22428
22429
22434
22438
22439
22442
22446
22447
22448
22450
22453
22454
22463
22468
22469
22477
22481
22482
22487
22496
22498
22501
22503
22506
22509
22510
22513
22515
22516
22517
22519
22522
22525
22529
22532
22541
22543
22546
22551
22552
22558
22560
22562
22567
22569
22570
22571
22577
22580
22583
22586
22588
22589
22591
22595
22596
22598
22600
22601
22605
22607
22612
22614
22617
22621
22625
22627
22629
22631
22632
22635
22637
22638
22640
22641
22644
22646
22647
22648
22654
22655
22660
22664
22667
22674
22675
22676
22678
22685
22686
22689
22694
22696
22699
22700
22703
22709
22711
22716
22718
22722
22733
22735
22736
22739
22740
22743
22744
22745
22747
22748
22754
22762
22764
22766
22768
22769
22770
22771
22776
22777
22787
22788
22789
22793
22794
22797
22799
22801
22802
22803
22806
22808
22809
22810
22812
22813
22816
22822
22826
22831
22834
22835
22836
22840
22842
22845
22850
22856
22857
22871
22872
22875
22881
22883
22890
22891
22892
22898
22902
22904
22906
22909
22910
22911
22915
22917
22920
22921
22922
22925
22926
22930
22932
22937
22938
22939
22940
22941
22942
22947
22953
22956
22960
22964
22965
22968
22976
22978
22979
22981
22982
22988
22990
22991
22992
22994
22995
23002
23006
23008
23009
23013
23018
23019
23020
23022
23026
23030
23031
23032
23033
23035
23036
23037
23038
23045
23048
23051
23052
23056
23058
23061
23062
23066
23067
23073
23075
23080
23081
23082
23084
23089
23090
23092
23093
23098
23105
23106
23107
23108
23109
23110
23111
23112
23117
23122
23123
23126
23127
23128
23132
23135
23136
23140
23144
23145
23146
23148
23149
23150
23153
23154
23158
23160
23161
23163
23164
23167
23172
23177
23183
23184
23185
23186
23188
23194
23195
23196
23197
23199
23202
23203
23205
23206
23207
23212
23217
23219
23220
23221
23222
23225
23226
23228
23235
23236
23249
23250
23252
23257
23259
23262
23266
23267
23268
23270
23271
23273
23274
23282
23287
23289
23290
23292
23302
23303
23304
23307
23308
23309
23312
23313
23315
23319
23327
23328
23330
23334
23335
23341
23345
23346
23347
23348
23350
23352
23364
23365
23367
23370
23371
23372
23373
23379
23380
23381
23384
23385
23386
23390
23395
23396
23398
23399
23401
23403
23406
23410
23415
23421
23422
23423
23424
23430
23431
23433
23435
23436
23440
23443
23445
23446
23450
23453
23454
23456
23458
23459
23460
23464
23468
23470
23473
23475
23476
23478
23481
23484
23485
23488
23489
23490
23492
23493
23497
23501
23502
23508
23511
23513
23515
23517
23522
23527
23529
23531
23533
23535
23536
23542
23546
23548
23549
23555
23556
23558
23560
23564
23565
23567
23570
23572
23573
23577
23580
23581
23586
23587
23591
23594
23596
23600
23605
23610
23611
23612
23615
23616
23619
23620
23624
23625
23628
23629
23631
23641
23642
23643
23644
23645
23647
23648
23651
23662
23663
23668
23669
23671
23672
23676
23682
23687
23692
23694
23695
23697
23698
23699
23702
23706
23708
23709
23722
23728
23732
23734
23746
23748
23763
23766
23768
23770
23773
23776
23781
23785
23800
23823
23831
23832
23839
23842
23870
23905
23920
23923
23942
23957
23961
23974
23976
23982
23997
23999
24001
24037
24038
24095
24103
24110
24119
24163
24168
24267
24281
24289
24293
24309
24319
24321
24361
24393
24395
24399
24406
24414
24416
24428
24430
24480
24485
24520
24522
24559
24574
24584
24593
24604
24609
24661
24712
24715
24729
24746
24789
24816
24818
24854
24867
24878
24966
25023
25065
25067
25070
25076
25147
25202
25224
25242
25254
25316
25331
25354
25378
25386
25387
25388
25399
25446
25449
25508
25532
25598
25601
25648
25665
25694
25726
25745
25786
25824
25832
25833
25838
25906
25921
25957
25987
26026
26070
26096
26207
26369
26382
26451
26482
26589
26604
26627
26685
26709
26710
26745
26758
26771
26837
26850
26919
26944
26948
27071
27098
27113
27160
27177
27266
27281
27287
27295
27304
27306
27365
27374
27395
27401
27425
27437
27486
27505
27535
27596
27598
27603
27645
27678
27702
27741
27784
27794
27856
27861
27882
27909
27925
27950
28001
28002
28011
28093
28148
28192
28230
28262
28267
28271
28321
28338
28377
28390
28422
28457
28518
28554
28597
28618
28622
28659
28710
28746
28758
28861
28862
28891
28897
28904
28975
28999
29039
29046
29099
29100
29115
29149
29155
29175
29189
29237
29243
29265
29280
29281
29322
29325
29357
29421
29455
29466
29503
29540
29558
29572
29586
29628
29689
29697
29705
29710
29714
29752
29769
29772
29773
29774
29775
29776
29779
29780
29781
29782
29783
29784
29788
29789
29798
29805
29807
29820
29823
29834
29835
29842
29864
29865
29871
29872
29887
29899
29905
29906
29912
29916
29919
29934
29941
29943
29945
29949
29951
29953
29954
29960
29961
29963
29967
29969
29972
29975
29977
29979
29981
29986
29989
29992
29993
29997
30007
30009
30021
30022
30024
30027
30032
30034
30044
30045
30048
30049
30050
30059
30067
30071
30081
30094
30107
30141
30142
30143
30144
30145
30167
30168
30169
30173
30174
30175
30176
30177
30178
30180
30181
30182
30186
30188
30191
30193
30194
30196
30199
30201
30204
30207
30210
30211
30212
30218
30221
30223
30229
30232
30239
30243
30251
30352